9,268,72,2
4,255,15,3
7,100,50,1
2,373,100,2
4,315,94,3
10,497,56,1
1,134,72,3
7,396,25,1
4,29,36,3
10,369,11,3
9,118,80,2
4,406,4,3
3,118,79,2
4,290,72,1
7,205,89,1
7,99,48,2
9,75,23,3
3,312,51,3
10,28,63,3
1,169,23,3
6,470,60,3
1,9,89,1
5,74,19,1
6,5,11,2
5,337,83,2
8,29,36,3
7,408,100,3
1,406,17,1
2,294,22,3
1,104,15,1
1,125,22,1
3,300,94,3
9,304,35,1
10,278,32,2
6,101,54,3
9,510,54,2
8,244,64,2
10,509,13,1
1,139,29,2
8,355,52,2
4,357,28,1
7,470,15,1
3,427,27,3
7,107,13,2
4,22,88,2
1,504,86,3
10,368,56,1
8,396,44,2
8,227,94,1
7,81,79,2
5,264,10,1
8,29,38,3
4,212,53,1
2,427,49,3
5,493,84,3
7,352,7,2
1,71,13,1
5,93,91,3
5,256,90,2
3,53,90,1
5,61,99,2
4,266,83,1
7,84,96,1
5,482,90,3
9,66,34,2
5,302,63,1
3,441,99,1
4,468,71,2
10,501,71,2
7,420,5,2
8,382,35,2
1,108,41,3
5,278,50,2
2,449,59,2
2,283,19,1
8,69,73,3
4,236,25,2
7,111,40,3
5,331,25,3
9,342,59,1
10,265,5,1
2,404,93,2
8,1,88,3
3,251,42,1
10,341,82,3
4,280,58,1
4,73,84,1
8,152,73,3
3,471,85,1
8,97,17,1
10,302,49,2
3,370,45,2
3,163,2,3
5,330,10,1
3,172,52,3
3,121,22,1
6,219,41,2
9,65,15,3
7,174,32,2
9,208,84,2
7,145,73,1
6,293,99,1
8,336,66,3
1,345,57,1
1,100,78,2
2,525,64,3
9,198,63,1
3,145,96,2
3,261,25,1
3,363,84,2
3,488,39,3
2,311,48,3
3,205,57,3
9,41,64,2
2,470,39,3
3,401,43,1
5,496,100,1
6,316,8,3
5,383,27,2
8,274,29,2
3,112,100,2
2,247,51,3
7,349,98,1
2,470,62,1
10,330,12,1
4,192,64,2
8,423,23,1
1,299,23,3
2,328,28,1
10,19,97,2
6,6,8,1
8,365,20,2
8,35,43,2
10,3,73,3
9,295,76,3
2,130,23,2
4,236,28,2
9,362,85,1
9,345,10,3
1,515,70,3
1,348,42,1
1,525,53,2
3,213,69,3
3,375,19,2
5,23,78,3
10,278,6,1
10,405,78,3
10,58,24,2
5,454,86,2
5,251,2,3
2,108,28,3
7,295,8,2
1,475,47,2
5,78,1,2
5,58,24,2
3,326,44,2
10,4,80,1
9,39,69,2
5,323,54,3
10,318,65,3
4,523,6,1
3,158,12,3
10,523,4,3
10,304,2,2
3,30,95,1
1,427,11,3
10,127,27,2
1,370,11,1
10,104,74,1
9,296,95,1
6,180,4,1
10,157,46,2
9,407,88,3
5,92,31,2
10,370,11,2
1,309,44,1
3,28,13,3
8,458,7,3
3,292,31,1
8,252,58,2
3,230,59,2
5,125,57,2
3,176,10,1
10,30,36,1
4,326,45,3
7,192,46,1
7,266,39,2
10,9,94,2
4,514,32,1
6,144,11,3
7,312,87,2
1,426,7,2
5,403,14,2
8,225,81,3
2,169,60,3
5,357,80,3
7,301,73,3
2,407,14,3
4,483,32,2
5,60,79,2
4,245,26,2
2,463,35,2
7,459,42,2
9,214,44,1
2,131,18,2
3,133,33,1
1,426,65,3
10,51,27,1
6,279,54,3
9,404,38,2
4,355,50,1
2,503,37,2
9,343,97,2
6,65,77,1
5,286,87,2
2,503,64,1
1,312,56,3
1,131,46,1
5,84,46,2
7,38,85,2
8,126,87,2
2,373,53,2
4,346,86,2
4,418,35,3
3,421,5,2
8,352,86,1
9,443,69,2
6,146,97,2
9,378,62,3
9,297,89,1
9,311,64,2
10,393,15,3
3,95,3,1
9,126,56,3
7,522,75,2
7,29,43,2
5,466,1,3
9,243,96,1
10,449,50,2
5,328,6,3
1,491,3,3
6,27,77,1
5,392,100,2
1,339,45,3
8,170,89,1
2,90,96,1
6,492,88,3
10,517,22,2
2,181,79,1
9,154,98,3
10,187,75,1
10,171,17,2
3,502,65,1
6,455,89,2
2,126,24,2
6,215,10,1
4,383,52,3
6,123,47,3
9,150,4,3
9,36,78,2
2,150,21,2
6,268,91,1
8,65,3,2
3,113,99,3
2,470,47,2
3,148,35,1
3,245,66,1
5,209,81,3
3,43,13,2
3,108,10,2
5,271,49,3
9,194,44,3
9,54,30,1
3,230,12,2
4,415,66,2
2,1,86,1
10,218,6,3
4,287,49,3
9,467,75,2
1,382,7,2
7,33,99,3
9,241,68,2
2,353,92,1
10,31,43,2
1,232,6,2
3,105,30,1
9,200,4,1
10,497,65,2
8,430,69,2
6,482,68,1
2,167,65,2
7,192,33,1
5,269,54,1
6,380,38,2
9,287,33,3
7,379,28,3
4,25,48,2
2,128,83,1
4,65,62,1
8,492,89,2
10,419,30,1
4,473,82,2
4,90,89,2
9,42,37,3
2,524,12,3
6,401,30,3
10,291,53,2
3,151,95,2
4,525,99,3
5,276,53,3
5,208,6,3
3,125,62,1
3,327,11,3
4,242,2,2
2,235,40,1
2,115,98,2
9,55,3,1
9,344,44,2
10,468,18,1
2,432,81,2
4,390,78,3
1,449,88,2
3,420,66,3
5,478,95,2
4,396,29,1
6,269,83,3
6,74,6,2
9,78,72,3
3,247,5,3
1,434,52,1
2,17,82,2
10,57,17,2
9,175,48,1
8,175,91,1
4,46,79,2
7,122,100,1
8,49,69,1
9,77,9,3
9,68,51,3
5,426,98,3
9,34,68,3
4,90,71,2
9,174,90,1
2,442,40,3
4,443,99,2
7,302,62,3
5,179,10,2
5,521,18,1
7,251,27,1
7,66,49,1
3,347,25,2
5,469,13,2
10,99,26,2
7,257,88,1
6,131,45,3
5,435,69,1
3,368,44,2
2,429,41,1
8,183,58,2
3,187,68,2
4,452,91,1
10,422,100,2
9,140,48,1
8,108,77,1
8,331,28,3
10,253,21,1
10,323,95,3
2,226,94,3
8,82,33,3
5,297,24,2
7,21,4,1
10,393,17,3
4,45,83,2
2,303,9,3
4,342,34,1
10,503,86,2
2,428,15,1
6,130,53,1
5,223,87,2
1,27,2,2
3,468,9,2
10,443,58,1
8,186,62,2
9,204,90,3
4,483,52,2
6,306,4,2
2,478,29,1
7,514,75,3
8,285,11,3
2,204,21,3
9,410,43,1
8,194,36,2
2,40,20,2
1,470,19,1
8,443,6,1
4,355,80,1
2,27,55,3
8,510,45,3
7,344,3,3
9,232,33,2
7,446,90,2
3,9,14,3
7,327,2,3
5,369,91,3
1,460,20,3
7,269,66,3
4,120,54,2
5,205,29,1
6,81,91,3
10,192,12,1
9,415,59,3
3,260,1,3
8,422,27,2
3,376,73,1
6,125,12,1
10,493,22,2
9,506,58,1
5,480,77,2
8,271,32,1
7,145,32,2
6,422,38,2
8,519,4,1
1,119,23,3
7,319,83,1
5,512,53,1
10,134,30,3
4,273,8,3
6,169,33,2
5,225,43,1
8,298,71,3
5,82,44,1
1,176,45,3
4,37,40,3
6,332,98,1
8,105,67,3
8,49,1,1
1,241,10,2
9,395,40,3
10,235,94,3
8,370,51,1
5,265,45,1
9,191,25,2
9,138,89,1
3,105,78,1
10,219,100,1
2,209,55,2
8,189,42,1
3,214,26,2
10,485,67,3
9,45,26,3
2,372,44,3
9,289,80,3
8,131,95,1
4,407,39,1
2,434,42,1
6,155,66,3
1,380,66,1
5,354,39,3
4,444,69,2
10,338,4,3
8,154,45,1
10,64,83,3
9,327,75,1
9,160,75,1
4,19,59,1
2,167,80,1
7,484,20,3
9,418,20,1
4,201,50,1
8,34,24,1
7,256,47,3
3,413,85,2
10,390,62,2
6,264,4,1
5,510,64,3
1,376,46,2
7,244,76,3
10,80,90,3
10,301,35,2
6,18,54,2
8,104,35,2
3,466,92,3
2,294,59,1
3,355,45,2
6,218,29,2
10,317,88,2
3,506,33,2
6,204,3,3
9,379,2,2
4,422,74,3
5,183,8,1
8,439,37,3
5,389,47,1
1,376,27,2
7,89,99,2
8,410,66,1
7,31,97,3
7,129,7,3
2,247,1,1
6,344,69,1
2,96,74,1
1,66,27,1
7,58,41,3
6,13,92,1
1,519,11,2
9,169,26,2
1,212,82,1
8,476,46,2
2,346,5,1
3,152,34,3
3,234,45,1
8,433,89,2
10,282,48,1
3,129,90,1
8,494,4,3
5,329,34,1
5,305,97,3
5,62,53,2
9,253,8,2
6,283,94,2
3,84,19,2
1,301,74,1
3,255,42,1
1,355,81,1
8,342,70,2
1,308,18,1
5,393,53,1
4,199,21,1
1,133,81,1
7,397,45,2
5,200,14,1
1,107,54,3
2,207,79,3
9,445,42,2
10,229,41,3
9,471,69,2
1,314,71,3
4,403,55,2
9,523,1,1
4,35,42,2
8,228,98,2
3,152,32,2
4,88,49,3
10,417,35,1
7,384,38,1
7,242,79,2
9,231,93,1
9,99,7,1
6,494,4,2
6,490,64,2
4,168,68,3
7,380,54,3
4,169,60,1
8,398,17,1
1,386,87,1
7,438,83,1
1,327,60,1
7,414,47,3
4,480,97,3
7,41,73,2
8,297,26,3
5,8,66,2
4,501,10,3
7,32,35,2
4,459,56,2
6,220,19,3
2,512,84,3
10,144,57,1
10,269,9,2
3,155,94,1
5,61,86,1
7,25,21,1
7,157,75,1
7,417,36,2
7,468,13,3
5,279,33,3
6,223,82,1
2,152,2,1
10,44,43,2
5,458,99,3
2,373,85,3
5,511,63,3
2,326,54,2
10,132,79,2
9,395,36,2
8,444,63,3
2,302,63,3
6,474,69,3
1,340,98,3
5,422,99,1
3,146,65,1
2,472,91,2
2,344,7,2
5,167,63,3
1,90,37,2
8,69,76,3
9,429,88,3
3,303,74,2
4,417,86,2
9,177,74,3
2,220,58,1
6,324,89,1
1,161,49,3
9,246,94,1
3,151,3,3
7,139,38,2
9,440,42,2
7,57,4,1
6,98,12,2
10,178,98,1
4,84,89,2
9,113,45,3
5,224,41,3
4,349,27,3
9,127,43,2
5,485,50,1
6,39,75,3
6,253,49,2
9,399,77,3
9,164,8,2
2,504,86,3
7,102,9,1
3,91,85,3
10,525,38,1
3,153,37,3
3,179,99,2
2,317,84,2
8,403,65,1
6,108,63,1
6,241,35,1
8,327,5,3
1,27,6,1
4,190,62,1
5,31,45,1
2,322,22,3
7,98,63,3
7,89,18,2
3,496,33,1
2,349,70,3
7,499,94,1
5,196,86,2
8,133,12,2
10,503,87,2
2,134,98,3
2,258,65,3
5,397,91,1
6,441,53,3
2,344,52,2
9,382,39,3
8,333,45,2
4,419,22,3
3,72,15,1
2,496,76,3
4,331,42,3
8,482,20,1
10,498,64,2
2,148,11,2
4,277,26,3
4,446,39,1
10,475,92,1
5,65,75,1
1,512,68,3
6,13,22,3
2,423,19,1
9,161,14,1
5,248,64,2
7,67,67,3
2,133,6,3
6,32,38,1
4,83,1,1
2,181,20,2
1,46,47,2
6,471,24,1
7,140,16,2
1,299,75,1
8,32,10,2
1,466,49,1
1,13,69,1
6,446,50,2
9,125,99,1
1,325,90,2
1,233,14,1
4,331,81,1
4,79,86,1
3,220,54,1
6,44,28,2
6,169,82,3
9,162,46,3
4,66,92,1
1,475,59,3
6,341,79,1
7,398,93,2
4,88,16,1
10,158,11,1
2,284,25,2
3,155,97,2
9,243,28,1
4,387,87,2
10,335,23,2
8,390,8,1
5,48,32,3
6,203,96,2
6,262,89,3
10,103,100,3
10,435,58,2
5,130,43,3
2,30,14,1
7,392,6,2
5,52,17,2
3,34,4,2
7,513,58,3
1,170,3,2
9,422,72,1
5,391,14,1
2,422,16,2
3,228,51,2
8,49,38,2
2,168,57,1
3,522,50,2
8,391,58,1
7,516,77,2
7,227,79,1
10,130,37,2
2,3,85,2
5,400,82,2
2,97,69,1
9,339,52,1
7,463,39,2
9,355,11,3
1,524,96,1
7,184,74,1
10,515,21,2
4,41,51,1
1,355,58,2
6,8,58,2
4,178,86,2
2,456,98,3
1,200,65,3
3,524,55,1
3,45,8,1
2,326,36,2
6,304,82,3
5,523,34,2
5,469,21,3
9,511,95,1
3,348,53,3
7,54,87,1
4,430,18,2
6,310,44,2
7,352,14,2
