,300000000,1,0,80000000
,300000001,1,1,80000001
,300000002,1,2,80000002
,300000003,1,3,80000003
,300000004,1,4,80000004
,300000005,1,5,80000005
,300000006,1,6,80000006
,300000007,1,7,80000007
,300000008,1,8,80000008
,300000009,1,9,80000009
,300000010,1,10,80000010
,300000011,1,11,80000011
,300000012,1,12,80000012
,300000013,1,13,80000013
,300000014,1,14,80000014
,300000015,1,15,80000015
,300000016,1,16,80000016
,300000017,1,17,80000017
,300000018,1,18,80000018
,300000019,1,19,80000019
,300000020,1,20,80000020
,300000021,1,21,80000021
,300000022,1,22,80000022
,300000023,1,23,80000023
,300000024,1,24,80000024
,300000025,1,25,80000025
,300000026,1,26,80000026
,300000027,1,27,80000027
,300000028,1,28,80000028
,300000029,1,29,80000029
,300000030,1,30,80000030
,300000031,1,31,80000031
,300000032,1,32,80000032
,300000033,1,33,80000033
,300000034,1,34,80000034
,300000035,1,35,80000035
,300000036,1,36,80000036
,300000037,1,37,80000037
,300000038,1,38,80000038
,300000039,1,39,80000039
,300000040,1,40,80000040
,300000041,1,41,80000041
,300000042,1,42,80000042
,300000043,1,43,80000043
,300000044,1,44,80000044
,300000045,1,45,80000045
,300000046,1,46,80000046
,300000047,1,47,80000047
,300000048,1,48,80000048
,300000049,1,49,80000049
,300000050,1,50,80000050
,300000051,1,51,80000051
,300000052,1,52,80000052
,300000053,1,53,80000053
,300000054,1,54,80000054
,300000055,1,55,80000055
,300000056,1,56,80000056
,300000057,1,57,80000057
,300000058,1,58,80000058
,300000059,1,59,80000059
,300000060,1,60,80000060
,300000061,1,61,80000061
,300000062,1,62,80000062
,300000063,1,63,80000063
,300000064,1,64,80000064
,300000065,1,65,80000065
,300000066,1,66,80000066
,300000067,1,67,80000067
,300000068,1,68,80000068
,300000069,1,69,80000069
,300000070,1,70,80000070
,300000071,1,71,80000071
,300000072,1,72,80000072
,300000073,1,73,80000073
,300000074,1,74,80000074
,300000075,1,75,80000075
,300000076,1,76,80000076
,300000077,1,77,80000077
,300000078,1,78,80000078
,300000079,1,79,80000079
,300000080,1,80,80000080
,300000081,1,81,80000081
,300000082,1,82,80000082
,300000083,1,83,80000083
,300000084,1,84,80000084
,300000085,1,85,80000085
,300000086,1,86,80000086
,300000087,1,87,80000087
,300000088,1,88,80000088
,300000089,1,89,80000089
,300000090,1,90,80000090
,300000091,1,91,80000091
,300000092,1,92,80000092
,300000093,1,93,80000093
,300000094,1,94,80000094
,300000095,1,95,80000095
,300000096,1,96,80000096
,300000097,1,97,80000097
,300000098,1,98,80000098
,300000099,1,99,80000099
,300000100,1,100,80000100
,300000101,1,101,80000101
,300000102,1,102,80000102
,300000103,1,103,80000103
,300000104,1,104,80000104
,300000105,1,105,80000105
,300000106,1,106,80000106
,300000107,1,107,80000107
,300000108,1,108,80000108
,300000109,1,109,80000109
,300000110,1,110,80000110
,300000111,1,111,80000111
,300000112,1,112,80000112
,300000113,1,113,80000113
,300000114,1,114,80000114
,300000115,1,115,80000115
,300000116,1,116,80000116
,300000117,1,117,80000117
,300000118,1,118,80000118
,300000119,1,119,80000119
,300000120,1,120,80000120
,300000121,1,121,80000121
,300000122,1,122,80000122
,300000123,1,123,80000123
,300000124,1,124,80000124
,300000125,1,125,80000125
,300000126,1,126,80000126
,300000127,1,127,80000127
,300000128,1,128,80000128
,300000129,1,129,80000129
,300000130,1,130,80000130
,300000131,1,131,80000131
,300000132,1,132,80000132
,300000133,1,133,80000133
,300000134,1,134,80000134
,300000135,1,135,80000135
,300000136,1,136,80000136
,300000137,1,137,80000137
,300000138,1,138,80000138
,300000139,1,139,80000139
,300000140,1,140,80000140
,300000141,1,141,80000141
,300000142,1,142,80000142
,300000143,1,143,80000143
,300000144,1,144,80000144
,300000145,1,145,80000145
,300000146,1,146,80000146
,300000147,1,147,80000147
,300000148,1,148,80000148
,300000149,1,149,80000149
,300000150,1,150,80000150
,300000151,1,151,80000151
,300000152,1,152,80000152
,300000153,1,153,80000153
,300000154,1,154,80000154
,300000155,1,155,80000155
,300000156,1,156,80000156
,300000157,1,157,80000157
,300000158,1,158,80000158
,300000159,1,159,80000159
,300000160,1,160,80000160
,300000161,1,161,80000161
,300000162,1,162,80000162
,300000163,1,163,80000163
,300000164,1,164,80000164
,300000165,1,165,80000165
,300000166,1,166,80000166
,300000167,1,167,80000167
,300000168,1,168,80000168
,300000169,1,169,80000169
,300000170,1,170,80000170
,300000171,1,171,80000171
,300000172,1,172,80000172
,300000173,1,173,80000173
,300000174,1,174,80000174
,300000175,1,175,80000175
,300000176,1,176,80000176
,300000177,1,177,80000177
,300000178,1,178,80000178
,300000179,1,179,80000179
,300000180,1,180,80000180
,300000181,1,181,80000181
,300000182,1,182,80000182
,300000183,1,183,80000183
,300000184,1,184,80000184
,300000185,1,185,80000185
,300000186,1,186,80000186
,300000187,1,187,80000187
,300000188,1,188,80000188
,300000189,1,189,80000189
,300000190,1,190,80000190
,300000191,1,191,80000191
,300000192,1,192,80000192
,300000193,1,193,80000193
,300000194,1,194,80000194
,300000195,1,195,80000195
,300000196,1,196,80000196
,300000197,1,197,80000197
,300000198,1,198,80000198
,300000199,1,199,80000199
,300000200,1,200,80000200
,300000201,1,201,80000201
,300000202,1,202,80000202
,300000203,1,203,80000203
,300000204,1,204,80000204
,300000205,1,205,80000205
,300000206,1,206,80000206
,300000207,1,207,80000207
,300000208,1,208,80000208
,300000209,1,209,80000209
,300000210,1,210,80000210
,300000211,1,211,80000211
,300000212,1,212,80000212
,300000213,1,213,80000213
,300000214,1,214,80000214
,300000215,1,215,80000215
,300000216,1,216,80000216
,300000217,1,217,80000217
,300000218,1,218,80000218
,300000219,1,219,80000219
,300000220,1,220,80000220
,300000221,1,221,80000221
,300000222,1,222,80000222
,300000223,1,223,80000223
,300000224,1,224,80000224
,300000225,1,225,80000225
,300000226,1,226,80000226
,300000227,1,227,80000227
,300000228,1,228,80000228
,300000229,1,229,80000229
,300000230,1,230,80000230
,300000231,1,231,80000231
,300000232,1,232,80000232
,300000233,1,233,80000233
,300000234,1,234,80000234
,300000235,1,235,80000235
,300000236,1,236,80000236
,300000237,1,237,80000237
,300000238,1,238,80000238
,300000239,1,239,80000239
,300000240,1,240,80000240
,300000241,1,241,80000241
,300000242,1,242,80000242
,300000243,1,243,80000243
,300000244,1,244,80000244
,300000245,1,245,80000245
,300000246,1,246,80000246
,300000247,1,247,80000247
,300000248,1,248,80000248
,300000249,1,249,80000249
,300000250,1,250,80000250
,300000251,1,251,80000251
,300000252,1,252,80000252
,300000253,1,253,80000253
,300000254,1,254,80000254
,300000255,1,255,80000255
,300000256,1,256,80000256
,300000257,1,257,80000257
,300000258,1,258,80000258
,300000259,1,259,80000259
,300000260,1,260,80000260
,300000261,1,261,80000261
,300000262,1,262,80000262
,300000263,1,263,80000263
,300000264,1,264,80000264
,300000265,1,265,80000265
,300000266,1,266,80000266
,300000267,1,267,80000267
,300000268,1,268,80000268
,300000269,1,269,80000269
,300000270,1,270,80000270
,300000271,1,271,80000271
,300000272,1,272,80000272
,300000273,1,273,80000273
,300000274,1,274,80000274
,300000275,1,275,80000275
,300000276,1,276,80000276
,300000277,1,277,80000277
,300000278,1,278,80000278
,300000279,1,279,80000279
,300000280,1,280,80000280
,300000281,1,281,80000281
,300000282,1,282,80000282
,300000283,1,283,80000283
,300000284,1,284,80000284
,300000285,1,285,80000285
,300000286,1,286,80000286
,300000287,1,287,80000287
,300000288,1,288,80000288
,300000289,1,289,80000289
,300000290,1,290,80000290
,300000291,1,291,80000291
,300000292,1,292,80000292
,300000293,1,293,80000293
,300000294,1,294,80000294
,300000295,1,295,80000295
,300000296,1,296,80000296
,300000297,1,297,80000297
,300000298,1,298,80000298
,300000299,1,299,80000299
,300000300,1,300,80000300
,300000301,1,301,80000301
,300000302,1,302,80000302
,300000303,1,303,80000303
,300000304,1,304,80000304
,300000305,1,305,80000305
,300000306,1,306,80000306
,300000307,1,307,80000307
,300000308,1,308,80000308
,300000309,1,309,80000309
,300000310,1,310,80000310
,300000311,1,311,80000311
,300000312,1,312,80000312
,300000313,1,313,80000313
,300000314,1,314,80000314
,300000315,1,315,80000315
,300000316,1,316,80000316
,300000317,1,317,80000317
,300000318,1,318,80000318
,300000319,1,319,80000319
,300000320,1,320,80000320
,300000321,1,321,80000321
,300000322,1,322,80000322
,300000323,1,323,80000323
,300000324,1,324,80000324
,300000325,1,325,80000325
,300000326,1,326,80000326
,300000327,1,327,80000327
,300000328,1,328,80000328
,300000329,1,329,80000329
,300000330,1,330,80000330
,300000331,1,331,80000331
,300000332,1,332,80000332
,300000333,1,333,80000333
,300000334,1,334,80000334
,300000335,1,335,80000335
,300000336,1,336,80000336
,300000337,1,337,80000337
,300000338,1,338,80000338
,300000339,1,339,80000339
,300000340,1,340,80000340
,300000341,1,341,80000341
,300000342,1,342,80000342
,300000343,1,343,80000343
,300000344,1,344,80000344
,300000345,1,345,80000345
,300000346,1,346,80000346
,300000347,1,347,80000347
,300000348,1,348,80000348
,300000349,1,349,80000349
,300000350,1,350,80000350
,300000351,1,351,80000351
,300000352,1,352,80000352
,300000353,1,353,80000353
,300000354,1,354,80000354
,300000355,1,355,80000355
,300000356,1,356,80000356
,300000357,1,357,80000357
,300000358,1,358,80000358
,300000359,1,359,80000359
,300000360,1,360,80000360
,300000361,1,361,80000361
,300000362,1,362,80000362
,300000363,1,363,80000363
,300000364,1,364,80000364
,300000365,1,365,80000365
,300000366,1,366,80000366
,300000367,1,367,80000367
,300000368,1,368,80000368
,300000369,1,369,80000369
,300000370,1,370,80000370
,300000371,1,371,80000371
,300000372,1,372,80000372
,300000373,1,373,80000373
,300000374,1,374,80000374
,300000375,1,375,80000375
,300000376,1,376,80000376
,300000377,1,377,80000377
,300000378,1,378,80000378
,300000379,1,379,80000379
,300000380,1,380,80000380
,300000381,1,381,80000381
,300000382,1,382,80000382
,300000383,1,383,80000383
,300000384,1,384,80000384
,300000385,1,385,80000385
,300000386,1,386,80000386
,300000387,1,387,80000387
,300000388,1,388,80000388
,300000389,1,389,80000389
,300000390,1,390,80000390
,300000391,1,391,80000391
,300000392,1,392,80000392
,300000393,1,393,80000393
,300000394,1,394,80000394
,300000395,1,395,80000395
,300000396,1,396,80000396
,300000397,1,397,80000397
,300000398,1,398,80000398
,300000399,1,399,80000399
,300000400,1,400,80000400
,300000401,1,401,80000401
,300000402,1,402,80000402
,300000403,1,403,80000403
,300000404,1,404,80000404
,300000405,1,405,80000405
,300000406,1,406,80000406
,300000407,1,407,80000407
,300000408,1,408,80000408
,300000409,1,409,80000409
,300000410,1,410,80000410
,300000411,1,411,80000411
,300000412,1,412,80000412
,300000413,1,413,80000413
,300000414,1,414,80000414
,300000415,1,415,80000415
,300000416,1,416,80000416
,300000417,1,417,80000417
,300000418,1,418,80000418
,300000419,1,419,80000419
,300000420,1,420,80000420
,300000421,1,421,80000421
,300000422,1,422,80000422
,300000423,1,423,80000423
,300000424,1,424,80000424
,300000425,1,425,80000425
,300000426,1,426,80000426
,300000427,1,427,80000427
,300000428,1,428,80000428
,300000429,1,429,80000429
,300000430,1,430,80000430
,300000431,1,431,80000431
,300000432,1,432,80000432
,300000433,1,433,80000433
,300000434,1,434,80000434
,300000435,1,435,80000435
,300000436,1,436,80000436
,300000437,1,437,80000437
,300000438,1,438,80000438
,300000439,1,439,80000439
,300000440,1,440,80000440
,300000441,1,441,80000441
,300000442,1,442,80000442
,300000443,1,443,80000443
,300000444,1,444,80000444
,300000445,1,445,80000445
,300000446,1,446,80000446
,300000447,1,447,80000447
,300000448,1,448,80000448
,300000449,1,449,80000449
,300000450,1,450,80000450
,300000451,1,451,80000451
,300000452,1,452,80000452
,300000453,1,453,80000453
,300000454,1,454,80000454
,300000455,1,455,80000455
,300000456,1,456,80000456
,300000457,1,457,80000457
,300000458,1,458,80000458
,300000459,1,459,80000459
,300000460,1,460,80000460
,300000461,1,461,80000461
,300000462,1,462,80000462
,300000463,1,463,80000463
,300000464,1,464,80000464
,300000465,1,465,80000465
,300000466,1,466,80000466
,300000467,1,467,80000467
,300000468,1,468,80000468
,300000469,1,469,80000469
,300000470,1,470,80000470
,300000471,1,471,80000471
,300000472,1,472,80000472
,300000473,1,473,80000473
,300000474,1,474,80000474
,300000475,1,475,80000475
,300000476,1,476,80000476
,300000477,1,477,80000477
,300000478,1,478,80000478
,300000479,1,479,80000479
,300000480,1,480,80000480
,300000481,1,481,80000481
,300000482,1,482,80000482
,300000483,1,483,80000483
,300000484,1,484,80000484
,300000485,1,485,80000485
,300000486,1,486,80000486
,300000487,1,487,80000487
,300000488,1,488,80000488
,300000489,1,489,80000489
,300000490,1,490,80000490
,300000491,1,491,80000491
,300000492,1,492,80000492
,300000493,1,493,80000493
,300000494,1,494,80000494
,300000495,1,495,80000495
,300000496,1,496,80000496
,300000497,1,497,80000497
,300000498,1,498,80000498
,300000499,1,499,80000499
,300000500,1,500,80000500
,300000501,1,501,80000501
,300000502,1,502,80000502
,300000503,1,503,80000503
,300000504,1,504,80000504
,300000505,1,505,80000505
,300000506,1,506,80000506
,300000507,1,507,80000507
,300000508,1,508,80000508
,300000509,1,509,80000509
,300000510,1,510,80000510
,300000511,1,511,80000511
,300000512,1,512,80000512
,300000513,1,513,80000513
,300000514,1,514,80000514
,300000515,1,515,80000515
,300000516,1,516,80000516
,300000517,1,517,80000517
,300000518,1,518,80000518
,300000519,1,519,80000519
,300000520,1,520,80000520
,300000521,1,521,80000521
,300000522,1,522,80000522
,300000523,1,523,80000523
,300000524,1,524,80000524
,300000525,1,525,80000525
,300000526,1,526,80000526
,300000527,1,527,80000527
,300000528,1,528,80000528
,300000529,1,529,80000529
,300000530,1,530,80000530
,300000531,1,531,80000531
,300000532,1,532,80000532
,300000533,1,533,80000533
,300000534,1,534,80000534
,300000535,1,535,80000535
,300000536,1,536,80000536
,300000537,1,537,80000537
,300000538,1,538,80000538
,300000539,1,539,80000539
,300000540,1,540,80000540
,300000541,1,541,80000541
,300000542,1,542,80000542
,300000543,1,543,80000543
,300000544,1,544,80000544
,300000545,1,545,80000545
,300000546,1,546,80000546
,300000547,1,547,80000547
,300000548,1,548,80000548
,300000549,1,549,80000549
,300000550,1,550,80000550
,300000551,1,551,80000551
,300000552,1,552,80000552
,300000553,1,553,80000553
,300000554,1,554,80000554
,300000555,1,555,80000555
,300000556,1,556,80000556
,300000557,1,557,80000557
,300000558,1,558,80000558
,300000559,1,559,80000559
,300000560,1,560,80000560
,300000561,1,561,80000561
,300000562,1,562,80000562
,300000563,1,563,80000563
,300000564,1,564,80000564
,300000565,1,565,80000565
,300000566,1,566,80000566
,300000567,1,567,80000567
,300000568,1,568,80000568
,300000569,1,569,80000569
,300000570,1,570,80000570
,300000571,1,571,80000571
,300000572,1,572,80000572
,300000573,1,573,80000573
,300000574,1,574,80000574
,300000575,1,575,80000575
,300000576,1,576,80000576
,300000577,1,577,80000577
,300000578,1,578,80000578
,300000579,1,579,80000579
,300000580,1,580,80000580
,300000581,1,581,80000581
,300000582,1,582,80000582
,300000583,1,583,80000583
,300000584,1,584,80000584
,300000585,1,585,80000585
,300000586,1,586,80000586
,300000587,1,587,80000587
,300000588,1,588,80000588
,300000589,1,589,80000589
,300000590,1,590,80000590
,300000591,1,591,80000591
,300000592,1,592,80000592
,300000593,1,593,80000593
,300000594,1,594,80000594
,300000595,1,595,80000595
,300000596,1,596,80000596
,300000597,1,597,80000597
,300000598,1,598,80000598
,300000599,1,599,80000599
,300000600,1,600,80000600
,300000601,1,601,80000601
,300000602,1,602,80000602
,300000603,1,603,80000603
,300000604,1,604,80000604
,300000605,1,605,80000605
,300000606,1,606,80000606
,300000607,1,607,80000607
,300000608,1,608,80000608
,300000609,1,609,80000609
,300000610,1,610,80000610
,300000611,1,611,80000611
,300000612,1,612,80000612
,300000613,1,613,80000613
,300000614,1,614,80000614
,300000615,1,615,80000615
,300000616,1,616,80000616
,300000617,1,617,80000617
,300000618,1,618,80000618
,300000619,1,619,80000619
,300000620,1,620,80000620
,300000621,1,621,80000621
,300000622,1,622,80000622
,300000623,1,623,80000623
,300000624,1,624,80000624
,300000625,1,625,80000625
,300000626,1,626,80000626
,300000627,1,627,80000627
,300000628,1,628,80000628
,300000629,1,629,80000629
,300000630,1,630,80000630
,300000631,1,631,80000631
,300000632,1,632,80000632
,300000633,1,633,80000633
,300000634,1,634,80000634
,300000635,1,635,80000635
,300000636,1,636,80000636
,300000637,1,637,80000637
,300000638,1,638,80000638
,300000639,1,639,80000639
,300000640,1,640,80000640
,300000641,1,641,80000641
,300000642,1,642,80000642
,300000643,1,643,80000643
,300000644,1,644,80000644
,300000645,1,645,80000645
,300000646,1,646,80000646
,300000647,1,647,80000647
,300000648,1,648,80000648
,300000649,1,649,80000649
,300000650,1,650,80000650
,300000651,1,651,80000651
,300000652,1,652,80000652
,300000653,1,653,80000653
,300000654,1,654,80000654
,300000655,1,655,80000655
,300000656,1,656,80000656
,300000657,1,657,80000657
,300000658,1,658,80000658
,300000659,1,659,80000659
,300000660,1,660,80000660
,300000661,1,661,80000661
,300000662,1,662,80000662
,300000663,1,663,80000663
,300000664,1,664,80000664
,300000665,1,665,80000665
,300000666,1,666,80000666
,300000667,1,667,80000667
,300000668,1,668,80000668
,300000669,1,669,80000669
,300000670,1,670,80000670
,300000671,1,671,80000671
,300000672,1,672,80000672
,300000673,1,673,80000673
,300000674,1,674,80000674
,300000675,1,675,80000675
,300000676,1,676,80000676
,300000677,1,677,80000677
,300000678,1,678,80000678
,300000679,1,679,80000679
,300000680,1,680,80000680
,300000681,1,681,80000681
,300000682,1,682,80000682
,300000683,1,683,80000683
,300000684,1,684,80000684
,300000685,1,685,80000685
,300000686,1,686,80000686
,300000687,1,687,80000687
,300000688,1,688,80000688
,300000689,1,689,80000689
,300000690,1,690,80000690
,300000691,1,691,80000691
,300000692,1,692,80000692
,300000693,1,693,80000693
,300000694,1,694,80000694
,300000695,1,695,80000695
,300000696,1,696,80000696
,300000697,1,697,80000697
,300000698,1,698,80000698
,300000699,1,699,80000699
,300000700,1,700,80000700
,300000701,1,701,80000701
,300000702,1,702,80000702
,300000703,1,703,80000703
,300000704,1,704,80000704
,300000705,1,705,80000705
,300000706,1,706,80000706
,300000707,1,707,80000707
,300000708,1,708,80000708
,300000709,1,709,80000709
,300000710,1,710,80000710
,300000711,1,711,80000711
,300000712,1,712,80000712
,300000713,1,713,80000713
,300000714,1,714,80000714
,300000715,1,715,80000715
,300000716,1,716,80000716
,300000717,1,717,80000717
,300000718,1,718,80000718
,300000719,1,719,80000719
,300000720,1,720,80000720
,300000721,1,721,80000721
,300000722,1,722,80000722
,300000723,1,723,80000723
,300000724,1,724,80000724
,300000725,1,725,80000725
,300000726,1,726,80000726
,300000727,1,727,80000727
,300000728,1,728,80000728
,300000729,1,729,80000729
,300000730,1,730,80000730
,300000731,1,731,80000731
,300000732,1,732,80000732
,300000733,1,733,80000733
,300000734,1,734,80000734
,300000735,1,735,80000735
,300000736,1,736,80000736
,300000737,1,737,80000737
,300000738,1,738,80000738
,300000739,1,739,80000739
,300000740,1,740,80000740
,300000741,1,741,80000741
,300000742,1,742,80000742
,300000743,1,743,80000743
,300000744,1,744,80000744
,300000745,1,745,80000745
,300000746,1,746,80000746
,300000747,1,747,80000747
,300000748,1,748,80000748
,300000749,1,749,80000749
,300000750,1,750,80000750
,300000751,1,751,80000751
,300000752,1,752,80000752
,300000753,1,753,80000753
,300000754,1,754,80000754
,300000755,1,755,80000755
,300000756,1,756,80000756
,300000757,1,757,80000757
,300000758,1,758,80000758
,300000759,1,759,80000759
,300000760,1,760,80000760
,300000761,1,761,80000761
,300000762,1,762,80000762
,300000763,1,763,80000763
,300000764,1,764,80000764
,300000765,1,765,80000765
,300000766,1,766,80000766
,300000767,1,767,80000767
,300000768,1,768,80000768
,300000769,1,769,80000769
,300000770,1,770,80000770
,300000771,1,771,80000771
,300000772,1,772,80000772
,300000773,1,773,80000773
,300000774,1,774,80000774
,300000775,1,775,80000775
,300000776,1,776,80000776
,300000777,1,777,80000777
,300000778,1,778,80000778
,300000779,1,779,80000779
,300000780,1,780,80000780
,300000781,1,781,80000781
,300000782,1,782,80000782
,300000783,1,783,80000783
,300000784,1,784,80000784
,300000785,1,785,80000785
,300000786,1,786,80000786
,300000787,1,787,80000787
,300000788,1,788,80000788
,300000789,1,789,80000789
,300000790,1,790,80000790
,300000791,1,791,80000791
,300000792,1,792,80000792
,300000793,1,793,80000793
,300000794,1,794,80000794
,300000795,1,795,80000795
,300000796,1,796,80000796
,300000797,1,797,80000797
,300000798,1,798,80000798
,300000799,1,799,80000799
,300000800,1,800,80000800
,300000801,1,801,80000801
,300000802,1,802,80000802
,300000803,1,803,80000803
,300000804,1,804,80000804
,300000805,1,805,80000805
,300000806,1,806,80000806
,300000807,1,807,80000807
,300000808,1,808,80000808
,300000809,1,809,80000809
,300000810,1,810,80000810
,300000811,1,811,80000811
,300000812,1,812,80000812
,300000813,1,813,80000813
,300000814,1,814,80000814
,300000815,1,815,80000815
,300000816,1,816,80000816
,300000817,1,817,80000817
,300000818,1,818,80000818
,300000819,1,819,80000819
,300000820,1,820,80000820
,300000821,1,821,80000821
,300000822,1,822,80000822
,300000823,1,823,80000823
,300000824,1,824,80000824
,300000825,1,825,80000825
,300000826,1,826,80000826
,300000827,1,827,80000827
,300000828,1,828,80000828
,300000829,1,829,80000829
,300000830,1,830,80000830
,300000831,1,831,80000831
,300000832,1,832,80000832
,300000833,1,833,80000833
,300000834,1,834,80000834
,300000835,1,835,80000835
,300000836,1,836,80000836
,300000837,1,837,80000837
,300000838,1,838,80000838
,300000839,1,839,80000839
,300000840,1,840,80000840
,300000841,1,841,80000841
,300000842,1,842,80000842
,300000843,1,843,80000843
,300000844,1,844,80000844
,300000845,1,845,80000845
,300000846,1,846,80000846
,300000847,1,847,80000847
,300000848,1,848,80000848
,300000849,1,849,80000849
,300000850,1,850,80000850
,300000851,1,851,80000851
,300000852,1,852,80000852
,300000853,1,853,80000853
,300000854,1,854,80000854
,300000855,1,855,80000855
,300000856,1,856,80000856
,300000857,1,857,80000857
,300000858,1,858,80000858
,300000859,1,859,80000859
,300000860,1,860,80000860
,300000861,1,861,80000861
,300000862,1,862,80000862
,300000863,1,863,80000863
,300000864,1,864,80000864
,300000865,1,865,80000865
,300000866,1,866,80000866
,300000867,1,867,80000867
,300000868,1,868,80000868
,300000869,1,869,80000869
,300000870,1,870,80000870
,300000871,1,871,80000871
,300000872,1,872,80000872
,300000873,1,873,80000873
,300000874,1,874,80000874
,300000875,1,875,80000875
,300000876,1,876,80000876
,300000877,1,877,80000877
,300000878,1,878,80000878
,300000879,1,879,80000879
,300000880,1,880,80000880
,300000881,1,881,80000881
,300000882,1,882,80000882
,300000883,1,883,80000883
,300000884,1,884,80000884
,300000885,1,885,80000885
,300000886,1,886,80000886
,300000887,1,887,80000887
,300000888,1,888,80000888
,300000889,1,889,80000889
,300000890,1,890,80000890
,300000891,1,891,80000891
,300000892,1,892,80000892
,300000893,1,893,80000893
,300000894,1,894,80000894
,300000895,1,895,80000895
,300000896,1,896,80000896
,300000897,1,897,80000897
,300000898,1,898,80000898
,300000899,1,899,80000899
,300000900,1,900,80000900
,300000901,1,901,80000901
,300000902,1,902,80000902
,300000903,1,903,80000903
,300000904,1,904,80000904
,300000905,1,905,80000905
,300000906,1,906,80000906
,300000907,1,907,80000907
,300000908,1,908,80000908
,300000909,1,909,80000909
,300000910,1,910,80000910
,300000911,1,911,80000911
,300000912,1,912,80000912
,300000913,1,913,80000913
,300000914,1,914,80000914
,300000915,1,915,80000915
,300000916,1,916,80000916
,300000917,1,917,80000917
,300000918,1,918,80000918
,300000919,1,919,80000919
,300000920,1,920,80000920
,300000921,1,921,80000921
,300000922,1,922,80000922
,300000923,1,923,80000923
,300000924,1,924,80000924
,300000925,1,925,80000925
,300000926,1,926,80000926
,300000927,1,927,80000927
,300000928,1,928,80000928
,300000929,1,929,80000929
,300000930,1,930,80000930
,300000931,1,931,80000931
,300000932,1,932,80000932
,300000933,1,933,80000933
,300000934,1,934,80000934
,300000935,1,935,80000935
,300000936,1,936,80000936
,300000937,1,937,80000937
,300000938,1,938,80000938
,300000939,1,939,80000939
,300000940,1,940,80000940
,300000941,1,941,80000941
,300000942,1,942,80000942
,300000943,1,943,80000943
,300000944,1,944,80000944
,300000945,1,945,80000945
,300000946,1,946,80000946
,300000947,1,947,80000947
,300000948,1,948,80000948
,300000949,1,949,80000949
,300000950,1,950,80000950
,300000951,1,951,80000951
,300000952,1,952,80000952
,300000953,1,953,80000953
,300000954,1,954,80000954
,300000955,1,955,80000955
,300000956,1,956,80000956
,300000957,1,957,80000957
,300000958,1,958,80000958
,300000959,1,959,80000959
,300000960,1,960,80000960
,300000961,1,961,80000961
,300000962,1,962,80000962
,300000963,1,963,80000963
,300000964,1,964,80000964
,300000965,1,965,80000965
,300000966,1,966,80000966
,300000967,1,967,80000967
,300000968,1,968,80000968
,300000969,1,969,80000969
,300000970,1,970,80000970
,300000971,1,971,80000971
,300000972,1,972,80000972
,300000973,1,973,80000973
,300000974,1,974,80000974
,300000975,1,975,80000975
,300000976,1,976,80000976
,300000977,1,977,80000977
,300000978,1,978,80000978
,300000979,1,979,80000979
,300000980,1,980,80000980
,300000981,1,981,80000981
,300000982,1,982,80000982
,300000983,1,983,80000983
,300000984,1,984,80000984
,300000985,1,985,80000985
,300000986,1,986,80000986
,300000987,1,987,80000987
,300000988,1,988,80000988
,300000989,1,989,80000989
,300000990,1,990,80000990
,300000991,1,991,80000991
,300000992,1,992,80000992
,300000993,1,993,80000993
,300000994,1,994,80000994
,300000995,1,995,80000995
,300000996,1,996,80000996
,300000997,1,997,80000997
,300000998,1,998,80000998
,300000999,1,999,80000999
,300001000,1,1000,80001000
,300001001,1,1001,80001001
,300001002,1,1002,80001002
,300001003,1,1003,80001003
,300001004,1,1004,80001004
,300001005,1,1005,80001005
,300001006,1,1006,80001006
,300001007,1,1007,80001007
,300001008,1,1008,80001008
,300001009,1,1009,80001009
,300001010,1,1010,80001010
,300001011,1,1011,80001011
,300001012,1,1012,80001012
,300001013,1,1013,80001013
,300001014,1,1014,80001014
,300001015,1,1015,80001015
,300001016,1,1016,80001016
,300001017,1,1017,80001017
,300001018,1,1018,80001018
,300001019,1,1019,80001019
,300001020,1,1020,80001020
,300001021,1,1021,80001021
,300001022,1,1022,80001022
,300001023,1,1023,80001023
,300001024,1,1024,80001024
,300001025,1,1025,80001025
,300001026,1,1026,80001026
,300001027,1,1027,80001027
,300001028,1,1028,80001028
,300001029,1,1029,80001029
,300001030,1,1030,80001030
,300001031,1,1031,80001031
,300001032,1,1032,80001032
,300001033,1,1033,80001033
,300001034,1,1034,80001034
,300001035,1,1035,80001035
,300001036,1,1036,80001036
,300001037,1,1037,80001037
,300001038,1,1038,80001038
,300001039,1,1039,80001039
,300001040,1,1040,80001040
,300001041,1,1041,80001041
,300001042,1,1042,80001042
,300001043,1,1043,80001043
,300001044,1,1044,80001044
,300001045,1,1045,80001045
,300001046,1,1046,80001046
,300001047,1,1047,80001047
,300001048,1,1048,80001048
,300001049,1,1049,80001049
,300001050,1,1050,80001050
,300001051,1,1051,80001051
,300001052,1,1052,80001052
,300001053,1,1053,80001053
,300001054,1,1054,80001054
,300001055,1,1055,80001055
,300001056,1,1056,80001056
,300001057,1,1057,80001057
,300001058,1,1058,80001058
,300001059,1,1059,80001059
,300001060,1,1060,80001060
,300001061,1,1061,80001061
,300001062,1,1062,80001062
,300001063,1,1063,80001063
,300001064,1,1064,80001064
,300001065,1,1065,80001065
,300001066,1,1066,80001066
,300001067,1,1067,80001067
,300001068,1,1068,80001068
,300001069,1,1069,80001069
,300001070,1,1070,80001070
,300001071,1,1071,80001071
,300001072,1,1072,80001072
,300001073,1,1073,80001073
,300001074,1,1074,80001074
,300001075,1,1075,80001075
,300001076,1,1076,80001076
,300001077,1,1077,80001077
,300001078,1,1078,80001078
,300001079,1,1079,80001079
,300001080,1,1080,80001080
,300001081,1,1081,80001081
,300001082,1,1082,80001082
,300001083,1,1083,80001083
,300001084,1,1084,80001084
,300001085,1,1085,80001085
,300001086,1,1086,80001086
,300001087,1,1087,80001087
,300001088,1,1088,80001088
,300001089,1,1089,80001089
,300001090,1,1090,80001090
,300001091,1,1091,80001091
,300001092,1,1092,80001092
,300001093,1,1093,80001093
,300001094,1,1094,80001094
,300001095,1,1095,80001095
,300001096,1,1096,80001096
,300001097,1,1097,80001097
,300001098,1,1098,80001098
,300001099,1,1099,80001099
,300001100,1,1100,80001100
,300001101,1,1101,80001101
,300001102,1,1102,80001102
,300001103,1,1103,80001103
,300001104,1,1104,80001104
,300001105,1,1105,80001105
,300001106,1,1106,80001106
,300001107,1,1107,80001107
,300001108,1,1108,80001108
,300001109,1,1109,80001109
,300001110,1,1110,80001110
,300001111,1,1111,80001111
,300001112,1,1112,80001112
,300001113,1,1113,80001113
,300001114,1,1114,80001114
,300001115,1,1115,80001115
,300001116,1,1116,80001116
,300001117,1,1117,80001117
,300001118,1,1118,80001118
,300001119,1,1119,80001119
,300001120,1,1120,80001120
,300001121,1,1121,80001121
,300001122,1,1122,80001122
,300001123,1,1123,80001123
,300001124,1,1124,80001124
,300001125,1,1125,80001125
,300001126,1,1126,80001126
,300001127,1,1127,80001127
,300001128,1,1128,80001128
,300001129,1,1129,80001129
,300001130,1,1130,80001130
,300001131,1,1131,80001131
,300001132,1,1132,80001132
,300001133,1,1133,80001133
,300001134,1,1134,80001134
,300001135,1,1135,80001135
,300001136,1,1136,80001136
,300001137,1,1137,80001137
,300001138,1,1138,80001138
,300001139,1,1139,80001139
,300001140,1,1140,80001140
,300001141,1,1141,80001141
,300001142,1,1142,80001142
,300001143,1,1143,80001143
,300001144,1,1144,80001144
,300001145,1,1145,80001145
,300001146,1,1146,80001146
,300001147,1,1147,80001147
,300001148,1,1148,80001148
,300001149,1,1149,80001149
,300001150,1,1150,80001150
,300001151,1,1151,80001151
,300001152,1,1152,80001152
,300001153,1,1153,80001153
,300001154,1,1154,80001154
,300001155,1,1155,80001155
,300001156,1,1156,80001156
,300001157,1,1157,80001157
,300001158,1,1158,80001158
,300001159,1,1159,80001159
,300001160,1,1160,80001160
,300001161,1,1161,80001161
,300001162,1,1162,80001162
,300001163,1,1163,80001163
,300001164,1,1164,80001164
,300001165,1,1165,80001165
,300001166,1,1166,80001166
,300001167,1,1167,80001167
,300001168,1,1168,80001168
,300001169,1,1169,80001169
,300001170,1,1170,80001170
,300001171,1,1171,80001171
,300001172,1,1172,80001172
,300001173,1,1173,80001173
,300001174,1,1174,80001174
,300001175,1,1175,80001175
,300001176,1,1176,80001176
,300001177,1,1177,80001177
,300001178,1,1178,80001178
,300001179,1,1179,80001179
,300001180,1,1180,80001180
,300001181,1,1181,80001181
,300001182,1,1182,80001182
,300001183,1,1183,80001183
,300001184,1,1184,80001184
,300001185,1,1185,80001185
,300001186,1,1186,80001186
,300001187,1,1187,80001187
,300001188,1,1188,80001188
,300001189,1,1189,80001189
,300001190,1,1190,80001190
,300001191,1,1191,80001191
,300001192,1,1192,80001192
,300001193,1,1193,80001193
,300001194,1,1194,80001194
,300001195,1,1195,80001195
,300001196,1,1196,80001196
,300001197,1,1197,80001197
,300001198,1,1198,80001198
,300001199,1,1199,80001199
,300001200,1,1200,80001200
,300001201,1,1201,80001201
,300001202,1,1202,80001202
,300001203,1,1203,80001203
,300001204,1,1204,80001204
,300001205,1,1205,80001205
,300001206,1,1206,80001206
,300001207,1,1207,80001207
,300001208,1,1208,80001208
,300001209,1,1209,80001209
,300001210,1,1210,80001210
,300001211,1,1211,80001211
,300001212,1,1212,80001212
,300001213,1,1213,80001213
,300001214,1,1214,80001214
,300001215,1,1215,80001215
,300001216,1,1216,80001216
,300001217,1,1217,80001217
,300001218,1,1218,80001218
,300001219,1,1219,80001219
,300001220,1,1220,80001220
,300001221,1,1221,80001221
,300001222,1,1222,80001222
,300001223,1,1223,80001223
,300001224,1,1224,80001224
,300001225,1,1225,80001225
,300001226,1,1226,80001226
,300001227,1,1227,80001227
,300001228,1,1228,80001228
,300001229,1,1229,80001229
,300001230,1,1230,80001230
,300001231,1,1231,80001231
,300001232,1,1232,80001232
,300001233,1,1233,80001233
,300001234,1,1234,80001234
,300001235,1,1235,80001235
,300001236,1,1236,80001236
,300001237,1,1237,80001237
,300001238,1,1238,80001238
,300001239,1,1239,80001239
,300001240,1,1240,80001240
,300001241,1,1241,80001241
,300001242,1,1242,80001242
,300001243,1,1243,80001243
,300001244,1,1244,80001244
,300001245,1,1245,80001245
,300001246,1,1246,80001246
,300001247,1,1247,80001247
,300001248,1,1248,80001248
,300001249,1,1249,80001249
,300001250,1,1250,80001250
,300001251,1,1251,80001251
,300001252,1,1252,80001252
,300001253,1,1253,80001253
,300001254,1,1254,80001254
,300001255,1,1255,80001255
,300001256,1,1256,80001256
,300001257,1,1257,80001257
,300001258,1,1258,80001258
,300001259,1,1259,80001259
,300001260,1,1260,80001260
,300001261,1,1261,80001261
,300001262,1,1262,80001262
,300001263,1,1263,80001263
,300001264,1,1264,80001264
,300001265,1,1265,80001265
,300001266,1,1266,80001266
,300001267,1,1267,80001267
,300001268,1,1268,80001268
,300001269,1,1269,80001269
,300001270,1,1270,80001270
,300001271,1,1271,80001271
,300001272,1,1272,80001272
,300001273,1,1273,80001273
,300001274,1,1274,80001274
,300001275,1,1275,80001275
,300001276,1,1276,80001276
,300001277,1,1277,80001277
,300001278,1,1278,80001278
,300001279,1,1279,80001279
,300001280,1,1280,80001280
,300001281,1,1281,80001281
,300001282,1,1282,80001282
,300001283,1,1283,80001283
,300001284,1,1284,80001284
,300001285,1,1285,80001285
,300001286,1,1286,80001286
,300001287,1,1287,80001287
,300001288,1,1288,80001288
,300001289,1,1289,80001289
,300001290,1,1290,80001290
,300001291,1,1291,80001291
,300001292,1,1292,80001292
,300001293,1,1293,80001293
,300001294,1,1294,80001294
,300001295,1,1295,80001295
,300001296,1,1296,80001296
,300001297,1,1297,80001297
,300001298,1,1298,80001298
,300001299,1,1299,80001299
,300001300,1,1300,80001300
,300001301,1,1301,80001301
,300001302,1,1302,80001302
,300001303,1,1303,80001303
,300001304,1,1304,80001304
,300001305,1,1305,80001305
,300001306,1,1306,80001306
,300001307,1,1307,80001307
,300001308,1,1308,80001308
,300001309,1,1309,80001309
,300001310,1,1310,80001310
,300001311,1,1311,80001311
,300001312,1,1312,80001312
,300001313,1,1313,80001313
,300001314,1,1314,80001314
,300001315,1,1315,80001315
,300001316,1,1316,80001316
,300001317,1,1317,80001317
,300001318,1,1318,80001318
,300001319,1,1319,80001319
,300001320,1,1320,80001320
,300001321,1,1321,80001321
,300001322,1,1322,80001322
,300001323,1,1323,80001323
,300001324,1,1324,80001324
,300001325,1,1325,80001325
,300001326,1,1326,80001326
,300001327,1,1327,80001327
,300001328,1,1328,80001328
,300001329,1,1329,80001329
,300001330,1,1330,80001330
,300001331,1,1331,80001331
,300001332,1,1332,80001332
,300001333,1,1333,80001333
,300001334,1,1334,80001334
,300001335,1,1335,80001335
,300001336,1,1336,80001336
,300001337,1,1337,80001337
,300001338,1,1338,80001338
,300001339,1,1339,80001339
,300001340,1,1340,80001340
,300001341,1,1341,80001341
,300001342,1,1342,80001342
,300001343,1,1343,80001343
,300001344,1,1344,80001344
,300001345,1,1345,80001345
,300001346,1,1346,80001346
,300001347,1,1347,80001347
,300001348,1,1348,80001348
,300001349,1,1349,80001349
,300001350,1,1350,80001350
,300001351,1,1351,80001351
,300001352,1,1352,80001352
,300001353,1,1353,80001353
,300001354,1,1354,80001354
,300001355,1,1355,80001355
,300001356,1,1356,80001356
,300001357,1,1357,80001357
,300001358,1,1358,80001358
,300001359,1,1359,80001359
,300001360,1,1360,80001360
,300001361,1,1361,80001361
,300001362,1,1362,80001362
,300001363,1,1363,80001363
,300001364,1,1364,80001364
,300001365,1,1365,80001365
,300001366,1,1366,80001366
,300001367,1,1367,80001367
,300001368,1,1368,80001368
,300001369,1,1369,80001369
,300001370,1,1370,80001370
,300001371,1,1371,80001371
,300001372,1,1372,80001372
,300001373,1,1373,80001373
,300001374,1,1374,80001374
,300001375,1,1375,80001375
,300001376,1,1376,80001376
,300001377,1,1377,80001377
,300001378,1,1378,80001378
,300001379,1,1379,80001379
,300001380,1,1380,80001380
,300001381,1,1381,80001381
,300001382,1,1382,80001382
,300001383,1,1383,80001383
,300001384,1,1384,80001384
,300001385,1,1385,80001385
,300001386,1,1386,80001386
,300001387,1,1387,80001387
,300001388,1,1388,80001388
,300001389,1,1389,80001389
,300001390,1,1390,80001390
,300001391,1,1391,80001391
,300001392,1,1392,80001392
,300001393,1,1393,80001393
,300001394,1,1394,80001394
,300001395,1,1395,80001395
,300001396,1,1396,80001396
,300001397,1,1397,80001397
,300001398,1,1398,80001398
,300001399,1,1399,80001399
,300001400,1,1400,80001400
,300001401,1,1401,80001401
,300001402,1,1402,80001402
,300001403,1,1403,80001403
,300001404,1,1404,80001404
,300001405,1,1405,80001405
,300001406,1,1406,80001406
,300001407,1,1407,80001407
,300001408,1,1408,80001408
,300001409,1,1409,80001409
,300001410,1,1410,80001410
,300001411,1,1411,80001411
,300001412,1,1412,80001412
,300001413,1,1413,80001413
,300001414,1,1414,80001414
,300001415,1,1415,80001415
,300001416,1,1416,80001416
,300001417,1,1417,80001417
,300001418,1,1418,80001418
,300001419,1,1419,80001419
,300001420,1,1420,80001420
,300001421,1,1421,80001421
,300001422,1,1422,80001422
,300001423,1,1423,80001423
,300001424,1,1424,80001424
,300001425,1,1425,80001425
,300001426,1,1426,80001426
,300001427,1,1427,80001427
,300001428,1,1428,80001428
,300001429,1,1429,80001429
,300001430,1,1430,80001430
,300001431,1,1431,80001431
,300001432,1,1432,80001432
,300001433,1,1433,80001433
,300001434,1,1434,80001434
,300001435,1,1435,80001435
,300001436,1,1436,80001436
,300001437,1,1437,80001437
,300001438,1,1438,80001438
,300001439,1,1439,80001439
,300001440,1,1440,80001440
,300001441,1,1441,80001441
,300001442,1,1442,80001442
,300001443,1,1443,80001443
,300001444,1,1444,80001444
,300001445,1,1445,80001445
,300001446,1,1446,80001446
,300001447,1,1447,80001447
,300001448,1,1448,80001448
,300001449,1,1449,80001449
,300001450,1,1450,80001450
,300001451,1,1451,80001451
,300001452,1,1452,80001452
,300001453,1,1453,80001453
,300001454,1,1454,80001454
,300001455,1,1455,80001455
,300001456,1,1456,80001456
,300001457,1,1457,80001457
,300001458,1,1458,80001458
,300001459,1,1459,80001459
,300001460,1,1460,80001460
,300001461,1,1461,80001461
,300001462,1,1462,80001462
,300001463,1,1463,80001463
,300001464,1,1464,80001464
,300001465,1,1465,80001465
,300001466,1,1466,80001466
,300001467,1,1467,80001467
,300001468,1,1468,80001468
,300001469,1,1469,80001469
,300001470,1,1470,80001470
,300001471,1,1471,80001471
,300001472,1,1472,80001472
,300001473,1,1473,80001473
,300001474,1,1474,80001474
,300001475,1,1475,80001475
,300001476,1,1476,80001476
,300001477,1,1477,80001477
,300001478,1,1478,80001478
,300001479,1,1479,80001479
,300001480,1,1480,80001480
,300001481,1,1481,80001481
,300001482,1,1482,80001482
,300001483,1,1483,80001483
,300001484,1,1484,80001484
,300001485,1,1485,80001485
,300001486,1,1486,80001486
,300001487,1,1487,80001487
,300001488,1,1488,80001488
,300001489,1,1489,80001489
,300001490,1,1490,80001490
,300001491,1,1491,80001491
,300001492,1,1492,80001492
,300001493,1,1493,80001493
,300001494,1,1494,80001494
,300001495,1,1495,80001495
,300001496,1,1496,80001496
,300001497,1,1497,80001497
,300001498,1,1498,80001498
,300001499,1,1499,80001499
,300001500,1,1500,80001500
,300001501,1,1501,80001501
,300001502,1,1502,80001502
,300001503,1,1503,80001503
,300001504,1,1504,80001504
,300001505,1,1505,80001505
,300001506,1,1506,80001506
,300001507,1,1507,80001507
,300001508,1,1508,80001508
,300001509,1,1509,80001509
,300001510,1,1510,80001510
,300001511,1,1511,80001511
,300001512,1,1512,80001512
,300001513,1,1513,80001513
,300001514,1,1514,80001514
,300001515,1,1515,80001515
,300001516,1,1516,80001516
,300001517,1,1517,80001517
,300001518,1,1518,80001518
,300001519,1,1519,80001519
,300001520,1,1520,80001520
,300001521,1,1521,80001521
,300001522,1,1522,80001522
,300001523,1,1523,80001523
,300001524,1,1524,80001524
,300001525,1,1525,80001525
,300001526,1,1526,80001526
,300001527,1,1527,80001527
,300001528,1,1528,80001528
,300001529,1,1529,80001529
,300001530,1,1530,80001530
,300001531,1,1531,80001531
,300001532,1,1532,80001532
,300001533,1,1533,80001533
,300001534,1,1534,80001534
,300001535,1,1535,80001535
,300001536,1,1536,80001536
,300001537,1,1537,80001537
,300001538,1,1538,80001538
,300001539,1,1539,80001539
,300001540,1,1540,80001540
,300001541,1,1541,80001541
,300001542,1,1542,80001542
,300001543,1,1543,80001543
,300001544,1,1544,80001544
,300001545,1,1545,80001545
,300001546,1,1546,80001546
,300001547,1,1547,80001547
,300001548,1,1548,80001548
,300001549,1,1549,80001549
,300001550,1,1550,80001550
,300001551,1,1551,80001551
,300001552,1,1552,80001552
,300001553,1,1553,80001553
,300001554,1,1554,80001554
,300001555,1,1555,80001555
,300001556,1,1556,80001556
,300001557,1,1557,80001557
,300001558,1,1558,80001558
,300001559,1,1559,80001559
,300001560,1,1560,80001560
,300001561,1,1561,80001561
,300001562,1,1562,80001562
,300001563,1,1563,80001563
,300001564,1,1564,80001564
,300001565,1,1565,80001565
,300001566,1,1566,80001566
,300001567,1,1567,80001567
,300001568,1,1568,80001568
,300001569,1,1569,80001569
,300001570,1,1570,80001570
,300001571,1,1571,80001571
,300001572,1,1572,80001572
,300001573,1,1573,80001573
,300001574,1,1574,80001574
,300001575,1,1575,80001575
,300001576,1,1576,80001576
,300001577,1,1577,80001577
,300001578,1,1578,80001578
,300001579,1,1579,80001579
,300001580,1,1580,80001580
,300001581,1,1581,80001581
,300001582,1,1582,80001582
,300001583,1,1583,80001583
,300001584,1,1584,80001584
,300001585,1,1585,80001585
,300001586,1,1586,80001586
,300001587,1,1587,80001587
,300001588,1,1588,80001588
,300001589,1,1589,80001589
,300001590,1,1590,80001590
,300001591,1,1591,80001591
,300001592,1,1592,80001592
,300001593,1,1593,80001593
,300001594,1,1594,80001594
,300001595,1,1595,80001595
,300001596,1,1596,80001596
,300001597,1,1597,80001597
,300001598,1,1598,80001598
,300001599,1,1599,80001599
,300001600,1,1600,80001600
,300001601,1,1601,80001601
,300001602,1,1602,80001602
,300001603,1,1603,80001603
,300001604,1,1604,80001604
,300001605,1,1605,80001605
,300001606,1,1606,80001606
,300001607,1,1607,80001607
,300001608,1,1608,80001608
,300001609,1,1609,80001609
,300001610,1,1610,80001610
,300001611,1,1611,80001611
,300001612,1,1612,80001612
,300001613,1,1613,80001613
,300001614,1,1614,80001614
,300001615,1,1615,80001615
,300001616,1,1616,80001616
,300001617,1,1617,80001617
,300001618,1,1618,80001618
,300001619,1,1619,80001619
,300001620,1,1620,80001620
,300001621,1,1621,80001621
,300001622,1,1622,80001622
,300001623,1,1623,80001623
,300001624,1,1624,80001624
,300001625,1,1625,80001625
,300001626,1,1626,80001626
,300001627,1,1627,80001627
,300001628,1,1628,80001628
,300001629,1,1629,80001629
,300001630,1,1630,80001630
,300001631,1,1631,80001631
,300001632,1,1632,80001632
,300001633,1,1633,80001633
,300001634,1,1634,80001634
,300001635,1,1635,80001635
,300001636,1,1636,80001636
,300001637,1,1637,80001637
,300001638,1,1638,80001638
,300001639,1,1639,80001639
,300001640,1,1640,80001640
,300001641,1,1641,80001641
,300001642,1,1642,80001642
,300001643,1,1643,80001643
,300001644,1,1644,80001644
,300001645,1,1645,80001645
,300001646,1,1646,80001646
,300001647,1,1647,80001647
,300001648,1,1648,80001648
,300001649,1,1649,80001649
,300001650,1,1650,80001650
,300001651,1,1651,80001651
,300001652,1,1652,80001652
,300001653,1,1653,80001653
,300001654,1,1654,80001654
,300001655,1,1655,80001655
,300001656,1,1656,80001656
,300001657,1,1657,80001657
,300001658,1,1658,80001658
,300001659,1,1659,80001659
,300001660,1,1660,80001660
,300001661,1,1661,80001661
,300001662,1,1662,80001662
,300001663,1,1663,80001663
,300001664,1,1664,80001664
,300001665,1,1665,80001665
,300001666,1,1666,80001666
,300001667,1,1667,80001667
,300001668,1,1668,80001668
,300001669,1,1669,80001669
,300001670,1,1670,80001670
,300001671,1,1671,80001671
,300001672,1,1672,80001672
,300001673,1,1673,80001673
,300001674,1,1674,80001674
,300001675,1,1675,80001675
,300001676,1,1676,80001676
,300001677,1,1677,80001677
,300001678,1,1678,80001678
,300001679,1,1679,80001679
,300001680,1,1680,80001680
,300001681,1,1681,80001681
,300001682,1,1682,80001682
,300001683,1,1683,80001683
,300001684,1,1684,80001684
,300001685,1,1685,80001685
,300001686,1,1686,80001686
,300001687,1,1687,80001687
,300001688,1,1688,80001688
,300001689,1,1689,80001689
,300001690,1,1690,80001690
,300001691,1,1691,80001691
,300001692,1,1692,80001692
,300001693,1,1693,80001693
,300001694,1,1694,80001694
,300001695,1,1695,80001695
,300001696,1,1696,80001696
,300001697,1,1697,80001697
,300001698,1,1698,80001698
,300001699,1,1699,80001699
,300001700,1,1700,80001700
,300001701,1,1701,80001701
,300001702,1,1702,80001702
,300001703,1,1703,80001703
,300001704,1,1704,80001704
,300001705,1,1705,80001705
,300001706,1,1706,80001706
,300001707,1,1707,80001707
,300001708,1,1708,80001708
,300001709,1,1709,80001709
,300001710,1,1710,80001710
,300001711,1,1711,80001711
,300001712,1,1712,80001712
,300001713,1,1713,80001713
,300001714,1,1714,80001714
,300001715,1,1715,80001715
,300001716,1,1716,80001716
,300001717,1,1717,80001717
,300001718,1,1718,80001718
,300001719,1,1719,80001719
,300001720,1,1720,80001720
,300001721,1,1721,80001721
,300001722,1,1722,80001722
,300001723,1,1723,80001723
,300001724,1,1724,80001724
,300001725,1,1725,80001725
,300001726,1,1726,80001726
,300001727,1,1727,80001727
,300001728,1,1728,80001728
,300001729,1,1729,80001729
,300001730,1,1730,80001730
,300001731,1,1731,80001731
,300001732,1,1732,80001732
,300001733,1,1733,80001733
,300001734,1,1734,80001734
,300001735,1,1735,80001735
,300001736,1,1736,80001736
,300001737,1,1737,80001737
,300001738,1,1738,80001738
,300001739,1,1739,80001739
,300001740,1,1740,80001740
,300001741,1,1741,80001741
,300001742,1,1742,80001742
,300001743,1,1743,80001743
,300001744,1,1744,80001744
,300001745,1,1745,80001745
,300001746,1,1746,80001746
,300001747,1,1747,80001747
,300001748,1,1748,80001748
,300001749,1,1749,80001749
,300001750,1,1750,80001750
,300001751,1,1751,80001751
,300001752,1,1752,80001752
,300001753,1,1753,80001753
,300001754,1,1754,80001754
,300001755,1,1755,80001755
,300001756,1,1756,80001756
,300001757,1,1757,80001757
,300001758,1,1758,80001758
,300001759,1,1759,80001759
,300001760,1,1760,80001760
,300001761,1,1761,80001761
,300001762,1,1762,80001762
,300001763,1,1763,80001763
,300001764,1,1764,80001764
,300001765,1,1765,80001765
,300001766,1,1766,80001766
,300001767,1,1767,80001767
,300001768,1,1768,80001768
,300001769,1,1769,80001769
,300001770,1,1770,80001770
,300001771,1,1771,80001771
,300001772,1,1772,80001772
,300001773,1,1773,80001773
,300001774,1,1774,80001774
,300001775,1,1775,80001775
,300001776,1,1776,80001776
,300001777,1,1777,80001777
,300001778,1,1778,80001778
,300001779,1,1779,80001779
,300001780,1,1780,80001780
,300001781,1,1781,80001781
,300001782,1,1782,80001782
,300001783,1,1783,80001783
,300001784,1,1784,80001784
,300001785,1,1785,80001785
,300001786,1,1786,80001786
,300001787,1,1787,80001787
,300001788,1,1788,80001788
,300001789,1,1789,80001789
,300001790,1,1790,80001790
,300001791,1,1791,80001791
,300001792,1,1792,80001792
,300001793,1,1793,80001793
,300001794,1,1794,80001794
,300001795,1,1795,80001795
,300001796,1,1796,80001796
,300001797,1,1797,80001797
,300001798,1,1798,80001798
,300001799,1,1799,80001799
,300001800,1,1800,80001800
,300001801,1,1801,80001801
,300001802,1,1802,80001802
,300001803,1,1803,80001803
,300001804,1,1804,80001804
,300001805,1,1805,80001805
,300001806,1,1806,80001806
,300001807,1,1807,80001807
,300001808,1,1808,80001808
,300001809,1,1809,80001809
,300001810,1,1810,80001810
,300001811,1,1811,80001811
,300001812,1,1812,80001812
,300001813,1,1813,80001813
,300001814,1,1814,80001814
,300001815,1,1815,80001815
,300001816,1,1816,80001816
,300001817,1,1817,80001817
,300001818,1,1818,80001818
,300001819,1,1819,80001819
,300001820,1,1820,80001820
,300001821,1,1821,80001821
,300001822,1,1822,80001822
,300001823,1,1823,80001823
,300001824,1,1824,80001824
,300001825,1,1825,80001825
,300001826,1,1826,80001826
,300001827,1,1827,80001827
,300001828,1,1828,80001828
,300001829,1,1829,80001829
,300001830,1,1830,80001830
,300001831,1,1831,80001831
,300001832,1,1832,80001832
,300001833,1,1833,80001833
,300001834,1,1834,80001834
,300001835,1,1835,80001835
,300001836,1,1836,80001836
,300001837,1,1837,80001837
,300001838,1,1838,80001838
,300001839,1,1839,80001839
,300001840,1,1840,80001840
,300001841,1,1841,80001841
,300001842,1,1842,80001842
,300001843,1,1843,80001843
,300001844,1,1844,80001844
,300001845,1,1845,80001845
,300001846,1,1846,80001846
,300001847,1,1847,80001847
,300001848,1,1848,80001848
,300001849,1,1849,80001849
,300001850,1,1850,80001850
,300001851,1,1851,80001851
,300001852,1,1852,80001852
,300001853,1,1853,80001853
,300001854,1,1854,80001854
,300001855,1,1855,80001855
,300001856,1,1856,80001856
,300001857,1,1857,80001857
,300001858,1,1858,80001858
,300001859,1,1859,80001859
,300001860,1,1860,80001860
,300001861,1,1861,80001861
,300001862,1,1862,80001862
,300001863,1,1863,80001863
,300001864,1,1864,80001864
,300001865,1,1865,80001865
,300001866,1,1866,80001866
,300001867,1,1867,80001867
,300001868,1,1868,80001868
,300001869,1,1869,80001869
,300001870,1,1870,80001870
,300001871,1,1871,80001871
,300001872,1,1872,80001872
,300001873,1,1873,80001873
,300001874,1,1874,80001874
,300001875,1,1875,80001875
,300001876,1,1876,80001876
,300001877,1,1877,80001877
,300001878,1,1878,80001878
,300001879,1,1879,80001879
,300001880,1,1880,80001880
,300001881,1,1881,80001881
,300001882,1,1882,80001882
,300001883,1,1883,80001883
,300001884,1,1884,80001884
,300001885,1,1885,80001885
,300001886,1,1886,80001886
,300001887,1,1887,80001887
,300001888,1,1888,80001888
,300001889,1,1889,80001889
,300001890,1,1890,80001890
,300001891,1,1891,80001891
,300001892,1,1892,80001892
,300001893,1,1893,80001893
,300001894,1,1894,80001894
,300001895,1,1895,80001895
,300001896,1,1896,80001896
,300001897,1,1897,80001897
,300001898,1,1898,80001898
,300001899,1,1899,80001899
,300001900,1,1900,80001900
,300001901,1,1901,80001901
,300001902,1,1902,80001902
,300001903,1,1903,80001903
,300001904,1,1904,80001904
,300001905,1,1905,80001905
,300001906,1,1906,80001906
,300001907,1,1907,80001907
,300001908,1,1908,80001908
,300001909,1,1909,80001909
,300001910,1,1910,80001910
,300001911,1,1911,80001911
,300001912,1,1912,80001912
,300001913,1,1913,80001913
,300001914,1,1914,80001914
,300001915,1,1915,80001915
,300001916,1,1916,80001916
,300001917,1,1917,80001917
,300001918,1,1918,80001918
,300001919,1,1919,80001919
,300001920,1,1920,80001920
,300001921,1,1921,80001921
,300001922,1,1922,80001922
,300001923,1,1923,80001923
,300001924,1,1924,80001924
,300001925,1,1925,80001925
,300001926,1,1926,80001926
,300001927,1,1927,80001927
,300001928,1,1928,80001928
,300001929,1,1929,80001929
,300001930,1,1930,80001930
,300001931,1,1931,80001931
,300001932,1,1932,80001932
,300001933,1,1933,80001933
,300001934,1,1934,80001934
,300001935,1,1935,80001935
,300001936,1,1936,80001936
,300001937,1,1937,80001937
,300001938,1,1938,80001938
,300001939,1,1939,80001939
,300001940,1,1940,80001940
,300001941,1,1941,80001941
,300001942,1,1942,80001942
,300001943,1,1943,80001943
,300001944,1,1944,80001944
,300001945,1,1945,80001945
,300001946,1,1946,80001946
,300001947,1,1947,80001947
,300001948,1,1948,80001948
,300001949,1,1949,80001949
,300001950,1,1950,80001950
,300001951,1,1951,80001951
,300001952,1,1952,80001952
,300001953,1,1953,80001953
,300001954,1,1954,80001954
,300001955,1,1955,80001955
,300001956,1,1956,80001956
,300001957,1,1957,80001957
,300001958,1,1958,80001958
,300001959,1,1959,80001959
,300001960,1,1960,80001960
,300001961,1,1961,80001961
,300001962,1,1962,80001962
,300001963,1,1963,80001963
,300001964,1,1964,80001964
,300001965,1,1965,80001965
,300001966,1,1966,80001966
,300001967,1,1967,80001967
,300001968,1,1968,80001968
,300001969,1,1969,80001969
,300001970,1,1970,80001970
,300001971,1,1971,80001971
,300001972,1,1972,80001972
,300001973,1,1973,80001973
,300001974,1,1974,80001974
,300001975,1,1975,80001975
,300001976,1,1976,80001976
,300001977,1,1977,80001977
,300001978,1,1978,80001978
,300001979,1,1979,80001979
,300001980,1,1980,80001980
,300001981,1,1981,80001981
,300001982,1,1982,80001982
,300001983,1,1983,80001983
,300001984,1,1984,80001984
,300001985,1,1985,80001985
,300001986,1,1986,80001986
,300001987,1,1987,80001987
,300001988,1,1988,80001988
,300001989,1,1989,80001989
,300001990,1,1990,80001990
,300001991,1,1991,80001991
,300001992,1,1992,80001992
,300001993,1,1993,80001993
,300001994,1,1994,80001994
,300001995,1,1995,80001995
,300001996,1,1996,80001996
,300001997,1,1997,80001997
,300001998,1,1998,80001998
,300001999,1,1999,80001999
